{
 "cells": [
  {
   "cell_type": "code",
   "execution_count": 2,
   "id": "f85db971",
   "metadata": {},
   "outputs": [],
   "source": [
    "from scan import register_airway_trees\n",
    "from scan import register_groupwise_deformable"
   ]
  },
  {
   "cell_type": "code",
   "execution_count": 4,
   "id": "bb515220",
   "metadata": {},
   "outputs": [],
   "source": [
    "input_folder = \"/Data/MEDICAL/data\""
   ]
  },
  {
   "cell_type": "code",
   "execution_count": null,
   "id": "ee54c041",
   "metadata": {},
   "outputs": [],
   "source": [
    "register_airway_trees(input_folder, which=5)"
   ]
  },
  {
   "cell_type": "code",
   "execution_count": null,
   "id": "2747620c",
   "metadata": {},
   "outputs": [
    {
     "name": "stdout",
     "output_type": "stream",
     "text": [
      "Loading 5 image(s) from '/Data/MEDICAL/data' ...\n",
      "  ATM_001_0000.nii.gz  shape=(512, 512, 679)\n",
      "  ATM_002_0000.nii.gz  shape=(512, 512, 635)\n",
      "  ATM_003_0000.nii.gz  shape=(512, 512, 799)\n",
      "  ATM_004_0000.nii.gz  shape=(512, 512, 679)\n",
      "  ATM_005_0000.nii.gz  shape=(512, 512, 741)\n",
      "\n",
      "Building groupwise template (3 iteration(s), SyN) ...\n",
      "['3', '/tmp/tmp1pu7h8zq.mat', '/tmp/tmpf2ddq4qf/img0000/out0GenericAffine.mat', '/tmp/tmpf2ddq4qf/img0001/out0GenericAffine.mat', '/tmp/tmpf2ddq4qf/img0002/out0GenericAffine.mat', '/tmp/tmpf2ddq4qf/img0003/out0GenericAffine.mat', '/tmp/tmpf2ddq4qf/img0004/out0GenericAffine.mat']\n",
      "output_transform_filename: /tmp/tmp1pu7h8zq.mat\n",
      "reference_transform_filename: NULL\n",
      "[0/5]: AFFINE: /tmp/tmpf2ddq4qf/img0000/out0GenericAffine.mat\n",
      "[1/5]: AFFINE: /tmp/tmpf2ddq4qf/img0001/out0GenericAffine.mat\n",
      "[2/5]: AFFINE: /tmp/tmpf2ddq4qf/img0002/out0GenericAffine.mat\n",
      "[3/5]: AFFINE: /tmp/tmpf2ddq4qf/img0003/out0GenericAffine.mat\n",
      "[4/5]: AFFINE: /tmp/tmpf2ddq4qf/img0004/out0GenericAffine.mat\n",
      "the reference affine file for center is selected as the first affine!\n",
      "new center is : [-5.65184, 151.216, 610.504]\n",
      "A=\n",
      "1.01454 0.0126937 0.0538052\n",
      "0.0187351 0.972483 -0.0534004\n",
      "0.0375122 0.00258732 0.877971\n",
      "\n",
      "rotation R\n",
      "0.999147 -0.0185187 -0.0369092\n",
      "0.0184509 0.999827 -0.00217694\n",
      "0.0369432 0.00149408 0.999316\n",
      "\n",
      "upper R\n",
      "1.0154 0.0307216 0.0852091\n",
      "0 0.972084 -0.0530759\n",
      "0 0 0.875501\n",
      "\n",
      "s=0.250053 u=0.00091795 v=-0.018467 w0.00924438 r=0.999786\n",
      "m_Rotation from vnl: 0.00091795 -0.018467 0.00924438 0.999786\n",
      "internal_transform: ANTSAffine3DTransform (0x559485c8a800)\n",
      "  RTTI typeinfo:   itk::ANTSAffine3DTransform<double>\n",
      "  Reference Count: 3\n",
      "  Modified Time: 734238593\n",
      "  Debug: On\n",
      "  Object Name: \n",
      "  Observers: \n",
      "    none\n",
      "  Matrix: \n",
      "    1.01454 0.0126937 0.0538052 \n",
      "    0.0187351 0.972483 -0.0534004 \n",
      "    0.0375122 0.00258732 0.877971 \n",
      "  Offset: [-73.1149, 17.7255, 214.307]\n",
      "  Center: [-5.65184, 151.216, 610.504]\n",
      "  Translation: [-38.4293, -19.1426, 139.987]\n",
      "  Inverse: \n",
      "    0.988174 -0.0127353 -0.0613334 \n",
      "    -0.0213524 1.0284 0.0638587 \n",
      "    -0.0421578 -0.00248651 1.14142 \n",
      "  Singular: 0\n",
      "  Rotation:    0.00091795 -0.018467 0.00924438 0.999786\n",
      "  S1, S2, S3: 1.0154, 0.972084, 0.875501\n",
      "  K1, K2, K3: 0.0302556, 0.0839165, -0.0546001\n",
      "\n",
      "A=\n",
      "0.998528 0.0019101 0.000108437\n",
      "0.000838689 0.987484 -0.00179971\n",
      "-0.000386703 -0.00161986 0.996783\n",
      "\n",
      "rotation R\n",
      "1 -0.000840559 0.000385895\n",
      "0.000839925 0.999998 0.00163965\n",
      "-0.000387273 -0.00163932 0.999999\n",
      "\n",
      "upper R\n",
      "0.998529 0.00274014 -0.000279101\n",
      "0 0.987483 -0.00343385\n",
      "0 0 0.996779\n",
      "\n",
      "s=0.25 u=-0.000819742 v=0.000193292 w0.000420121 r=1\n",
      "m_Rotation from vnl: -0.000819742 0.000193292 0.000420121 1\n",
      "internal_transform: ANTSAffine3DTransform (0x559485c553e0)\n",
      "  RTTI typeinfo:   itk::ANTSAffine3DTransform<double>\n",
      "  Reference Count: 3\n",
      "  Modified Time: 734238600\n",
      "  Debug: On\n",
      "  Object Name: \n",
      "  Observers: \n",
      "    none\n",
      "  Matrix: \n",
      "    0.998528 0.0019101 0.000108437 \n",
      "    0.000838689 0.987484 -0.00179971 \n",
      "    -0.000386703 -0.00161986 0.996783 \n",
      "  Offset: [-0.384863, 3.02818, 1.86946]\n",
      "  Center: [-5.65184, 151.216, 610.504]\n",
      "  Translation: [-0.0215062, 0.0320817, -0.33728]\n",
      "  Inverse: \n",
      "    1.00148 -0.00193735 -0.000112446 \n",
      "    -0.000849867 1.01268 0.00182851 \n",
      "    0.000387142 0.00164494 1.00323 \n",
      "  Singular: 0\n",
      "  Rotation:    -0.000819742 0.000193292 0.000420121 1\n",
      "  S1, S2, S3: 0.998529, 0.987483, 0.996779\n",
      "  K1, K2, K3: 0.00274418, -0.000279512, -0.00347737\n",
      "\n",
      "A=\n",
      "0.93754 0.0337789 -0.0617172\n",
      "-0.0132695 0.850088 0.0824351\n",
      "-0.0336938 -0.0108775 0.715013\n",
      "\n",
      "rotation R\n",
      "0.999255 0.0137251 0.0360735\n",
      "-0.014143 0.999836 0.0113532\n",
      "-0.0359117 -0.0118549 0.999285\n",
      "\n",
      "upper R\n",
      "0.938239 0.0221216 -0.0885144\n",
      "0 0.850541 0.0730981\n",
      "0 0 0.713211\n",
      "\n",
      "s=0.250051 u=-0.00580319 v=0.018 w-0.00696845 r=0.999797\n",
      "m_Rotation from vnl: -0.00580319 0.018 -0.00696845 0.999797\n",
      "internal_transform: ANTSAffine3DTransform (0x5594855b7100)\n",
      "  RTTI typeinfo:   itk::ANTSAffine3DTransform<double>\n",
      "  Reference Count: 3\n",
      "  Modified Time: 734238607\n",
      "  Debug: On\n",
      "  Object Name: \n",
      "  Observers: \n",
      "    none\n",
      "  Matrix: \n",
      "    0.93754 0.0337789 -0.0617172 \n",
      "    -0.0132695 0.850088 0.0824351 \n",
      "    -0.0336938 -0.0108775 0.715013 \n",
      "  Offset: [63.998, -20.4256, 0.144833]\n",
      "  Center: [-5.65184, 151.216, 610.504]\n",
      "  Translation: [31.7803, 7.30736, -175.295]\n",
      "  Inverse: \n",
      "    1.06953 -0.0412563 0.0970739 \n",
      "    0.0117901 1.17416 -0.134353 \n",
      "    0.050579 0.0159184 1.40111 \n",
      "  Singular: 0\n",
      "  Rotation:    -0.00580319 0.018 -0.00696845 0.999797\n",
      "  S1, S2, S3: 0.938239, 0.850541, 0.713211\n",
      "  K1, K2, K3: 0.0235777, -0.094341, 0.0859431\n",
      "\n",
      "A=\n",
      "1.03957 0.00855307 -0.0823079\n",
      "0.0650044 0.960008 -0.024199\n",
      "0.0613603 0.0260235 0.521079\n",
      "\n",
      "rotation R\n",
      "0.996323 -0.0637368 -0.0572472\n",
      "0.0623 0.997704 -0.0265435\n",
      "0.0588076 0.0228794 0.998007\n",
      "\n",
      "upper R\n",
      "1.04341 0.0698605 -0.0528695\n",
      "0 0.957855 -0.00697547\n",
      "0 0 0.525395\n",
      "\n",
      "s=0.250249 u=0.0123681 v=-0.0290426 w0.0315406 r=0.999004\n",
      "m_Rotation from vnl: 0.0123681 -0.0290426 0.0315406 0.999004\n",
      "internal_transform: ANTSAffine3DTransform (0x559485394810)\n",
      "  RTTI typeinfo:   itk::ANTSAffine3DTransform<double>\n",
      "  Reference Count: 3\n",
      "  Modified Time: 734238614\n",
      "  Debug: On\n",
      "  Object Name: \n",
      "  Observers: \n",
      "    none\n",
      "  Matrix: \n",
      "    1.03957 0.00855307 -0.0823079 \n",
      "    0.0650044 0.960008 -0.024199 \n",
      "    0.0613603 0.0260235 0.521079 \n",
      "  Offset: [56.2943, 22.8412, -896.484]\n",
      "  Center: [-5.65184, 151.216, 610.504]\n",
      "  Translation: [7.11464, 1.65275, -1185.28]\n",
      "  Inverse: \n",
      "    0.953861 -0.0125668 0.150085 \n",
      "    -0.0673347 1.04124 0.0377193 \n",
      "    -0.10896 -0.0505211 1.89954 \n",
      "  Singular: 0\n",
      "  Rotation:    0.0123681 -0.0290426 0.0315406 0.999004\n",
      "  S1, S2, S3: 1.04341, 0.957855, 0.525395\n",
      "  K1, K2, K3: 0.0669542, -0.05067, -0.00728238\n",
      "\n",
      "A=\n",
      "1.00507 0.0166477 -0.0108744\n",
      "0.0289056 0.985611 -0.179619\n",
      "0.0427041 0.0113284 0.799037\n",
      "\n",
      "rotation R\n",
      "0.998686 -0.029152 -0.0421388\n",
      "0.0287221 0.999529 -0.0107711\n",
      "0.042433 0.00954664 0.999054\n",
      "\n",
      "upper R\n",
      "1.00639 0.0454153 0.0178864\n",
      "0 0.98477 -0.17159\n",
      "0 0 0.800674\n",
      "\n",
      "s=0.250085 u=0.00508117 v=-0.0211502 w0.0144735 r=0.999659\n",
      "m_Rotation from vnl: 0.00508117 -0.0211502 0.0144735 0.999659\n",
      "internal_transform: ANTSAffine3DTransform (0x55948528b630)\n",
      "  RTTI typeinfo:   itk::ANTSAffine3DTransform<double>\n",
      "  Reference Count: 3\n",
      "  Modified Time: 734238621\n",
      "  Debug: On\n",
      "  Object Name: \n",
      "  Observers: \n",
      "    none\n",
      "  Matrix: \n",
      "    1.00507 0.0166477 -0.0108744 \n",
      "    0.0289056 0.985611 -0.179619 \n",
      "    0.0427041 0.0113284 0.799037 \n",
      "  Offset: [-24.1778, 71.1545, -36.8307]\n",
      "  Center: [-5.65184, 151.216, 610.504]\n",
      "  Translation: [-28.328, -40.843, -158.048]\n",
      "  Inverse: \n",
      "    0.995032 -0.0169187 0.00973854 \n",
      "    -0.0387731 1.01264 0.227109 \n",
      "    -0.0526292 -0.0134525 1.24777 \n",
      "  Singular: 0\n",
      "  Rotation:    0.00508117 -0.0211502 0.0144735 0.999659\n",
      "  S1, S2, S3: 1.00639, 0.98477, 0.800674\n",
      "  K1, K2, K3: 0.045127, 0.0177728, -0.174243\n",
      "\n",
      "average 3D scale parameter \n",
      "[1]:1\t1.0154 0.972084 0.875501 \n",
      "[2]:1\t0.998529 0.987483 0.996779 \n",
      "[3]:1\t0.938239 0.850541 0.713211 \n",
      "[4]:1\t1.04341 0.957855 0.525395 \n",
      "[5]:1\t1.00639 0.98477 0.800674 \n",
      "sum:w=5\t5.00197 4.75273 3.91156 \n",
      "average\t1.00039 0.950547 0.782312 \n",
      "average 3D shearing parameter \n",
      "[1]:1\t0.0302556 0.0839165 -0.0546001 \n",
      "[2]:1\t0.00274418 -0.000279512 -0.00347737 \n",
      "[3]:1\t0.0235777 -0.094341 0.0859431 \n",
      "[4]:1\t0.0669542 -0.05067 -0.00728238 \n",
      "[5]:1\t0.045127 0.0177728 -0.174243 \n",
      "sum:w=5\t0.168659 -0.0436012 -0.15366 \n",
      "average\t0.0337317 -0.00872023 -0.030732 \n",
      "average_iaffANTSAffine3DTransform (0x559486ed17a0)\n",
      "  RTTI typeinfo:   itk::ANTSAffine3DTransform<double>\n",
      "  Reference Count: 2\n",
      "  Modified Time: 734238624\n",
      "  Debug: On\n",
      "  Object Name: \n",
      "  Observers: \n",
      "    none\n",
      "  Matrix: \n",
      "    1.00039 0.033745 -0.00872366 \n",
      "    0 0.950547 -0.0292122 \n",
      "    0 0 0.782312 \n",
      "  Offset: [0.225279, 25.3123, 132.9]\n",
      "  Center: [-5.65184, 151.216, 610.504]\n",
      "  Translation: [0, 0, 0]\n",
      "  Inverse: \n",
      "    0.999607 -0.0354867 0.00982164 \n",
      "    -7.069e-17 1.05203 0.0392836 \n",
      "    5.20417e-18 -2.77556e-17 1.27826 \n",
      "  Singular: 0\n",
      "  Rotation:    0 0 0 1\n",
      "  S1, S2, S3: 1.00039, 0.950547, 0.782312\n",
      "  K1, K2, K3: 0.0337317, -0.00872023, -0.030732\n",
      "\n",
      "affine_outputMatrixOffsetTransformBase (0x5594852441e0)\n",
      "  RTTI typeinfo:   itk::MatrixOffsetTransformBase<double, 3u, 3u>\n",
      "  Reference Count: 2\n",
      "  Modified Time: 734238628\n",
      "  Debug: Off\n",
      "  Object Name: \n",
      "  Observers: \n",
      "    none\n",
      "  Matrix: \n",
      "    1.00039 0.033745 -0.00872366 \n",
      "    0 0.950547 -0.0292122 \n",
      "    0 0 0.782312 \n",
      "  Offset: [0.225279, 25.3123, 132.9]\n",
      "  Center: [-5.65184, 151.216, 610.504]\n",
      "  Translation: [0, 0, 0]\n",
      "  Inverse: \n",
      "    0.999607 -0.0354867 0.00982164 \n",
      "    -7.069e-17 1.05203 0.0392836 \n",
      "    5.20417e-18 -2.77556e-17 1.27826 \n",
      "  Singular: 0\n",
      "\n",
      "wrote file to : /tmp/tmp1pu7h8zq.mat\n",
      "0.001583332\n"
     ]
    }
   ],
   "source": [
    "register_groupwise_deformable(input_folder, which='all')"
   ]
  },
  {
   "cell_type": "code",
   "execution_count": null,
   "id": "2f08ff8a",
   "metadata": {},
   "outputs": [],
   "source": [
    "import nibabel as nib\n",
    "import numpy as np\n",
    "from skimage import measure\n",
    "import trimesh\n",
    "# ==========================================\n",
    "# CONFIGURATION\n",
    "# ==========================================\n",
    "# Define your input file path here\n",
    "file_path = '/Data/MEDICAL/data/registered/ATM_005_0000_R.nii.gz'\n",
    "\n",
    "# Automatically generate the output STL path in the same folder\n",
    "output_filename = file_path.replace('.nii.gz', '_aligned.stl')\n",
    "\n",
    "# ==========================================\n",
    "# PART 1: LOAD & INSPECT\n",
    "# ==========================================\n",
    "print(f\"Loading {file_path}...\\n\")\n",
    "img  = nib.load(file_path)\n",
    "data = img.get_fdata() # This is your 3D array of voxel values (e.g., 512x512x656)\n",
    "\n",
    "print(\"--- NIfTI File Inspection ---\")\n",
    "print(f\"Data Shape (Grid Dimensions): {data.shape}\")\n",
    "\n",
    "voxel_size = img.header.get_zooms() # This gives you the physical size of each voxel in millimeters (e.g., (0.82, 0.82, 0.5))\n",
    "print(f\"Voxel Size (mm): {voxel_size}\")\n",
    "\n",
    "# Save Affine Matrix to RAM\n",
    "affine_matrix = img.affine # This is the 4x4 matrix that encodes the position, orientation, and scaling of the data in real-world space.\n",
    "print(\"\\nAffine Matrix (Position in space):\")\n",
    "print(affine_matrix)\n",
    "\n",
    "print(\"\\n--- Data Value Analysis ---\")\n",
    "min_val = np.min(data)\n",
    "max_val = np.max(data)\n",
    "print(f\"Minimum Value: {min_val}\")\n",
    "print(f\"Maximum Value: {max_val}\")\n",
    "\n",
    "unique_values = np.unique(data)\n",
    "if len(unique_values) <= 10:\n",
    "    print(f\"\\nCONCLUSION: This is likely a **Segmentation Mask**.\")\n",
    "    print(f\"It only contains these specific labels: {unique_values}\")\n",
    "else:\n",
    "    print(\"\\nCONCLUSION: This is likely a **Raw CT/MRI Scan**.\")\n",
    "\n",
    "# ==========================================\n",
    "# PART 2: PROCESS & ALIGN MESH\n",
    "# ==========================================\n",
    "print(\"\\n--- Mesh Generation & Alignment ---\")\n",
    "print(\"Applying Marching Cubes algorithm...\")\n",
    "\n",
    "# CRITICAL FIX: We do NOT use the 'spacing' parameter here. \n",
    "# We extract the raw voxel coordinates so the affine matrix can do all the work later.\n",
    "verts, faces, normals, values = measure.marching_cubes(data, level=0.5)\n",
    "\n",
    "print(\"Constructing 3D Mesh Object...\")\n",
    "mesh = trimesh.Trimesh(vertices=verts, faces=faces, vertex_normals=normals)\n",
    "\n",
    "print(\"Applying the full Affine Matrix spatial transformation...\")\n",
    "# This step applies the position, rotation, and scaling saved in RAM to the mesh\n",
    "mesh.apply_transform(affine_matrix)\n",
    "\n",
    "print(\"Exporting Mesh...\")\n",
    "mesh.export(output_filename)\n",
    "\n",
    "print(f\"\\nSuccess! Spatially aligned mesh saved to:\\n{output_filename}\")"
   ]
  }
 ],
 "metadata": {
  "kernelspec": {
   "display_name": "3d (3.9.25)",
   "language": "python",
   "name": "python3"
  },
  "language_info": {
   "codemirror_mode": {
    "name": "ipython",
    "version": 3
   },
   "file_extension": ".py",
   "mimetype": "text/x-python",
   "name": "python",
   "nbconvert_exporter": "python",
   "pygments_lexer": "ipython3",
   "version": "3.9.25"
  }
 },
 "nbformat": 4,
 "nbformat_minor": 5
}
